............7.1.7.“7........-.

Ra· Qn- Ι 87 1 Qun- 4
81187779487789777777. di dnm· cuborum

7777747117 77966617 417 179769 79444997·
776 748976 77711476 1714171796 79977944
477 747769 77996697 117 171117 71477977 -
447 779744 71411971 416 177976 71991196 “

719 17171171167169 417 177119 71711717
799 777799 79779999 478 774774 77974677
797 771111 79776471 419 177761 77769979

4774664 69746488 479 776499 74988999 ¹

ἔκρουε-...Μ’-

797 174449 69691477 411 17714174”““4““”“”ι7474
774 177176 61161914 4114171914177777447
797 176917 11617177 Ηωιὶ 171919 77616967

QQQ 4²4 179776 76117974

797 177699 61779777 417 119617 76767947
791 171494 67944791 416 111476 77791776 ’
779 177191 67711199 41711177977774477
499 769999 64999999 478 784784 78497777

ww *unu—auu·-
497 766897 64417797 47 784947 78977789
497 767694 64964898 4764784999 79797999
497 767499 67449877 431 787767 89967997 ’
494 767776 67979764 437 786674 89677668

mmm-*uun*- m-——nn- .

4ος 764977 66449777 477 787489 8787747
496 764876 66979476 474717477 87746794 ’
797 167649 67417147 47711711711711177 ·
468 Η766464 67977777 476 799996 81887876

-an—-d--a-hu- ιιι-ὰ--ι-ι-ῌιιιιιρ

499 117111 ’11417919 477 17996917477477
779 768799 68977999 478 797844 84977677
477 768977 69476777 479 797777 84694777
711 119744 69974711 Ι 44919769917164999

 

