' ⁸ 7999799

Μαι-*ΜΨ

87- Q· Ι lla-l 1·Qua Ι
di- druto· 07607001Ι dl· dram-⁰ c'ubornm.

007 Ι rum.

,.

195364 86 370888 470 770700 703873000
799949 99999997 477 997947 794497777
¹9713 6 87778384 477 777784

449
443
444

447Ιι744873 87766777

467Ι717767Ι703767707

05154048

447 198035188121'425 4'7‘3 777777 707803877
446 778776 88776736- 474 774676 7064764774
447 799999 99994699 477 997697 7797777777
449 999794 99997799 479 999779 79797904

449 999999 99999947 477 997797 79977079
479 999799 97947999 479 999494 99997779
451 999 340'1 97799979 479 999447 7999999 9
477, 204304 94345408 480 770400 770797007

mm- m

453 295209 93959677 Ι481Ι6 737361 7777894647
454 206116 73776664· 4873 3 37774 7719877168

477 997997 94999977 497 977999 779679797

4729292ξὸ33Ξὶ 494Ι ²³......⁴..²Q⁹⁰⁴

477 999949 97449999 497 997997Ι794994997
478 709764 76077777 486 776776 7797777776
479 ’999997 99799779 497 977997Ι977797997
460 0776οο 77,376000 488 738744 116414272

...m-..unm munh-unm

467 777777 77770787 489 777747 7763770767
467 473444 ’98677778 470 740700 777647007
’467Ιί74767 7777787 491241085 (78770771
4⁶4 997999 99977744 479 949994 9777997499

m-tn-'nn-an tau—un- ...α-..ηιμ

497 979997 7997974997 479- 947949779897777
499 977779 79994999 494 24403.6 79977779
467 778087 191847563 477 747077 777787777
Ι468 777094 107707777ΙΙ476 746076 145024935

 

