*ιι-333- mm
ffiffimdfl. 66163766-169693933338
686 rm.

*m—

’ 3373 74733 33346437 393 33636 37339393
37473376 33373634 333 33334 37343693
373 73633 33736373 333 93693 33333337
376 76376 33934776 794 93476 36994464

373 76733 33333333 333 33333 36373633
'¹ 1376 77364 33464973 796 97676 36673676
, 373 77643 33737633 337 34343 36334443
’ 36976499 33973999 796 94664 39336333

,ΜΨ-Ι·- mma-

363 76963 33366943 79997463 39797639
36379734 33437766 73996399 39793999
367 69969 33667367 733 96733 79969373
36469676 33999794 773 97344* 79773736

3677 63337 37349337 7377 97969 79664397

3 36663736 33333636 3341138736 33336344 ¹

. 36763333 33633333 33333333 33333673
36663944 37667673 736 99676 73774496

...ηιμ-Μ* nunu-m*

363 63333 34337333 337 399363 33633933
399 64399 34769999 766 393334 73377476
333 64663 34643373 739 393763 73463779
7793 67364 34697966 739 394499 73766999

333 636333 3373737 333 337343 55076151
394 66474 37433364 733 397664 77766346
333 67337 33673373 333 334333 33366367
396 67636 379 74776 734 394976 74939334

n———ffln—-a-u 1 ww—

393 66399 3639 07 32510562534328125
396 66694 36467793 3²⁶ ¹¹0⁶²7⁶ 33664697ις

333 33493 33733673 337, 336 333 34363763

799 99999 37999999 736 397764 77736773
μαψ-*Μῶα*-

529

 

