Ι Ι 167767661Ῠ *ἡ
Qun· Q1²·'

‹33- 419410· cuborum. 6616741οᾳ100δῷ111

0741 rum. ι ces. 717777 1

maun—mam*- mnu—nunqn-
,0311025 7777677 777 77667 7777677
106 74096 7771076 19417996. 0406704
107 77447 7447747 777 76777 6467777
707 77664 7777777 776 76476 7777476

Μυκη-μιῇ*- γ--Ι-ᾱυυ- ’.Μ

ιο, usn 7777777 777 76767 7777777
11012100 7994000 796 79044 7646047
ἰιι 74371 1467691 799 79971 4669619
· m 77744 7474776 74717677· 7744777

Μαι-μιμαι- ...n-*mm
113 70769 7447697 14719661 7609707
114 77996 7467944 747 00764 4669766
115 79779 1970679 149 70449 7904707
776 77476 7767676 744 77776 7767764

*Μ *nau-*m

1¹7 79669 16076147 749 71009 4046679
116 79774 7644090 746 04976 9777196
m 74767 7667777 747 77677 7776777
120 74477 77767771 74677774 Ὶ7747777

W'Uffl “nu—mm

14714647 7777967 749 77707 9907949
m 14664 7619646 790 44909 9979000Ι
¹²3 17177 7660667 79174601 9447997
ἱ774 77776 7776674 77777774 777676

mm *a*

w125 15625 7777777 77774477 7767777
776 79476 7000976 774 77776 7677764
· 177 76177 7046961 16
· 77777764 7077777 776 74776 7776476

ῖῐόῖᾶῖιῖῖῖἕᾶΐ ἦῖῖῑῆῖῶΐ

74777 7777677

77076777 7777777 776 74764 7644777
19117161 7746091 79909461 4479679
194 77474 umas 760 09600 4096000

mmmmm—u

1 -. 077 9777, s ,¹1
,(14

 

