8- 474444-
44 Ι rum}

44 4464 447644 77 4444 446444
7ο 4464 44444444 76 6084 774449
44 4664. 444644· 74 6444 444644
74 ,4704 =140608. 80 6400 51200<›

mnus—uun.- mm

33 2803 444477 44 6464 444444
44 'm‘ 1447464 4416744 1444464
66 6046

46

444774 44 6444 474747

3446 474646 44 7479 7747444
47 4444 464447 44 7444 644444
74 7764 494444 46 7476 676646 .

44 4444 464474 47 7464 644464
6ο 7606 4464449 88 7744 644474 ’

..Μὰ-4.* mma—n-

64 3744 446944 44 7444 704968
67 3844 238328 9ο 8100 729000
64 4464 446647 91 4444 744474
6 44496 464444 ’94 6464 774646

64 4444 474644 44 4644 464447

66 4446 447446 ’44 4446 476444
67 4444 466764 44 4644 447774
64 4644 444444 46 4446 444746

mnan—finnus·- mmm

64 4764 444464 47 4464 444674
7ο 4964 447οόο 97 9644 944494 ,
74 7644 447944 94 4464 474444
74 4444 373248 310010000 ιοοοοοο

ιιι-..ὑγια- nunu—*qna*- '

74 6447 389017' 10110201 4679744
74 4476 444444 802 74404 44464496
74 4644 444674 19310603 4494749

76 4776 474976 7444747ιό 4474464

 

